function f = fun1(x);

  f = 20811.6695*x(1)^2+9.2175139 *x(2)^2 -3.435380*x(3)^2-0.060116*x(4)^2-46.94546 *x(5)^2-884.32 *x(1)*x(2)-2860.43 *x(1)*x(3)+64.36 *x(1)*x(4)+1523.12 *x(1)*x(5)+69.25 *x(2)*x(3)-1.65 *x(2)*x(4)-39.63 *x(2)*x(5)+2.26 *x(3)*x(4)+69.80 *x(3)*x(5)-3.38 *x(4)*x(5)-10201.4373 *x(1)+261.6080 *x(2)-260.8979*x(3)+18.5727 *x(4)+543.2040 *x(5)-1559.64869;  % 如果满足条件就计算函数值
      
end
